2601|502|4786.08|Corriente
2602|503|1740.25|Ahorros
2603|504|4369.26|Corriente
2604|505|4589.31|Corriente
2605|506|1435.30|Ahorros
2606|507|4525.17|Corriente
2607|508|4927.43|Corriente
2608|509|998.36|Ahorros
2609|510|2490.61|Corriente
2610|511|3617.10|Corriente
2611|512|2150.38|Ahorros
2612|513|4436.27|Corriente
2613|514|4498.28|Corriente
2614|515|3106.43|Ahorros
2615|516|1383.63|Corriente
2616|517|1782.53|Corriente
2617|518|3497.13|Ahorros
2618|519|3102.52|Corriente
2619|520|898.05|Corriente
2620|521|690.27|Ahorros
2621|522|663.52|Corriente
2622|523|4386.88|Corriente
2623|524|1399.00|Ahorros
2624|525|4496.55|Corriente
2625|526|1226.71|Corriente
2626|527|1947.26|Ahorros
2627|528|2489.46|Corriente
2628|529|4718.06|Corriente
2629|530|1858.47|Ahorros
2630|531|2201.54|Corriente
2631|532|1692.86|Corriente
2632|533|4734.90|Ahorros
2633|534|2157.77|Corriente
2634|535|2202.81|Corriente
2635|536|4597.00|Ahorros
2636|537|3350.12|Corriente
2637|538|4470.44|Corriente
2638|539|3928.45|Ahorros
2639|540|1088.73|Corriente
2640|541|2074.49|Corriente
2641|542|3607.01|Ahorros
2642|543|3394.84|Corriente
2643|544|1011.31|Corriente
2644|545|727.64|Ahorros
2645|546|1547.32|Corriente
2646|547|1306.72|Corriente
2647|548|3891.15|Ahorros
2648|549|3764.63|Corriente
2649|550|3949.93|Corriente
2650|551|1745.95|Ahorros
2651|552|2648.50|Corriente
2652|553|4634.77|Corriente
2653|554|3716.13|Ahorros
2654|555|4027.27|Corriente
2655|556|2928.21|Corriente
2656|557|3954.01|Ahorros
2657|558|1493.86|Corriente
2658|559|1801.10|Corriente
2659|560|860.77|Ahorros
2660|561|2825.87|Corriente
2661|562|845.02|Corriente
2662|563|762.57|Ahorros
2663|564|1691.27|Corriente
2664|565|4776.93|Corriente
2665|566|2341.39|Ahorros
2666|567|2434.30|Corriente
2667|568|2794.61|Corriente
2668|569|2982.58|Ahorros
2669|570|4598.81|Corriente
2670|571|1426.22|Corriente
2671|572|1128.84|Ahorros
2672|573|2746.14|Corriente
2673|574|4707.05|Corriente
2674|575|1340.08|Ahorros
2675|576|4165.55|Corriente
2676|577|4060.43|Corriente
2677|578|2663.81|Ahorros
2678|579|578.42|Corriente
2679|580|3775.83|Corriente
2680|581|4524.41|Ahorros
2681|582|4775.18|Corriente
2682|583|4738.27|Corriente
2683|584|4443.77|Ahorros
2684|585|1909.77|Corriente
2685|586|3041.98|Corriente
2686|587|4518.41|Ahorros
2687|588|3525.27|Corriente
2688|589|2272.25|Corriente
2689|590|2811.84|Ahorros
2690|591|3145.55|Corriente
2691|592|4069.67|Corriente
2692|593|2680.80|Ahorros
2693|594|1440.03|Corriente
2694|595|4729.79|Corriente
2695|596|2473.73|Ahorros
2696|597|1893.96|Corriente
2697|598|2868.71|Corriente
2698|599|1192.33|Ahorros
2699|600|943.43|Corriente
2700|601|647.44|Corriente
2701|602|2903.84|Ahorros
2702|603|1969.82|Corriente
2703|604|2897.38|Corriente
2704|605|629.26|Ahorros
2705|606|541.78|Corriente
2706|607|1588.48|Corriente
2707|608|4557.89|Ahorros
2708|609|4209.84|Corriente
2709|610|4973.43|Corriente
2710|611|1918.72|Ahorros
2711|612|4540.16|Corriente
2712|613|562.87|Corriente
2713|614|3872.79|Ahorros
2714|615|1966.36|Corriente
2715|616|1768.71|Corriente
2716|617|1460.26|Ahorros
2717|618|3759.05|Corriente
2718|619|3429.84|Corriente
2719|620|2520.76|Ahorros
2720|621|1749.10|Corriente
2721|622|3106.29|Corriente
2722|623|1454.80|Ahorros
2723|624|2821.10|Corriente
2724|625|822.08|Corriente
2725|626|4463.72|Ahorros
2726|627|1546.99|Corriente
2727|628|4790.08|Corriente
2728|629|774.03|Ahorros
2729|630|4140.25|Corriente
2730|631|1462.40|Corriente
2731|632|4877.12|Ahorros
2732|633|4396.80|Corriente
2733|634|1002.58|Corriente
2734|635|1579.64|Ahorros
2735|636|3695.72|Corriente
2736|637|3702.20|Corriente
2737|638|3132.98|Ahorros
2738|639|4273.69|Corriente
2739|640|3912.82|Corriente
2740|641|2278.60|Ahorros
2741|642|2994.45|Corriente
2742|643|1152.25|Corriente
2743|644|3835.25|Ahorros
2744|645|4980.33|Corriente
2745|646|1354.46|Corriente
2746|647|686.82|Ahorros
2747|648|2479.25|Corriente
2748|649|721.48|Corriente
2749|650|526.03|Ahorros
2750|651|1768.54|Corriente
2751|652|2504.82|Corriente
2752|653|1995.22|Ahorros
2753|654|2994.75|Corriente
2754|655|2046.06|Corriente
2755|656|2446.61|Ahorros
2756|657|3668.52|Corriente
2757|658|1214.09|Corriente
2758|659|4556.98|Ahorros
2759|660|4674.77|Corriente
2760|661|3608.11|Corriente
2761|662|2767.55|Ahorros
2762|663|2147.83|Corriente
2763|664|4475.49|Corriente
2764|665|3278.17|Ahorros
2765|666|716.07|Corriente
2766|667|4488.16|Corriente
2767|668|2548.91|Ahorros
2768|669|1112.83|Corriente
2769|670|2771.68|Corriente
2770|671|3123.62|Ahorros
2771|672|1084.59|Corriente
2772|673|4707.24|Corriente
2773|674|964.42|Ahorros
2774|675|2980.42|Corriente
2775|676|3889.09|Corriente
2776|677|1689.84|Ahorros
2777|678|4698.42|Corriente
2778|679|2028.45|Corriente
2779|680|808.78|Ahorros
2780|681|3535.44|Corriente
2781|682|2525.21|Corriente
2782|683|1434.50|Ahorros
2783|684|911.68|Corriente
2784|685|553.71|Corriente
2785|686|1097.64|Ahorros
2786|687|2488.23|Corriente
2787|688|566.92|Corriente
2788|689|1841.19|Ahorros
2789|690|2106.16|Corriente
2790|691|2363.34|Corriente
2791|692|2187.61|Ahorros
2792|693|3115.91|Corriente
2793|694|4040.50|Corriente
2794|695|4384.76|Ahorros
2795|696|4483.35|Corriente
2796|697|1563.43|Corriente
2797|698|4864.81|Ahorros
2798|699|907.99|Corriente
2799|700|3602.70|Corriente
2800|701|2610.64|Ahorros
2801|702|2141.72|Corriente
2802|703|2181.62|Corriente
2803|704|4032.32|Ahorros
2804|705|4909.33|Corriente
2805|706|3791.86|Corriente
2806|707|4655.72|Ahorros
2807|708|559.73|Corriente
2808|709|4255.52|Corriente
2809|710|3529.27|Ahorros
2810|711|1119.68|Corriente
2811|712|1999.49|Corriente
2812|713|3192.41|Ahorros
2813|714|1070.38|Corriente
2814|715|3801.27|Corriente
2815|716|729.07|Ahorros
2816|717|3644.76|Corriente
2817|718|3974.35|Corriente
2818|719|3135.61|Ahorros
2819|720|1879.58|Corriente
2820|721|4111.21|Corriente
2821|722|3436.08|Ahorros
2822|723|3817.29|Corriente
2823|724|2279.45|Corriente
2824|725|3696.80|Ahorros
2825|726|4019.58|Corriente
2826|727|982.02|Corriente
2827|728|2454.35|Ahorros
2828|729|4602.88|Corriente
2829|730|1189.13|Corriente
2830|731|4425.00|Ahorros
2831|732|2645.46|Corriente
2832|733|2603.94|Corriente
2833|734|2068.28|Ahorros
2834|735|2152.61|Corriente
2835|736|2420.10|Corriente
2836|737|2031.74|Ahorros
2837|738|4632.85|Corriente
2838|739|3281.03|Corriente
2839|740|513.50|Ahorros
2840|741|3355.96|Corriente
2841|742|4022.71|Corriente
2842|743|1841.00|Ahorros
2843|744|3058.71|Corriente
2844|745|2597.44|Corriente
2845|746|1339.76|Ahorros
2846|747|4921.51|Corriente
2847|748|4332.77|Corriente
2848|749|2035.30|Ahorros
2849|750|1184.24|Corriente
2850|751|786.59|Corriente
2851|752|2571.49|Ahorros
2852|753|4972.53|Corriente
2853|754|4770.31|Corriente
2854|755|3129.46|Ahorros
2855|756|3282.94|Corriente
2856|757|3205.69|Corriente
2857|758|4253.18|Ahorros
2858|759|2986.12|Corriente
2859|760|3819.84|Corriente
2860|761|1304.19|Ahorros
2861|762|1394.60|Corriente
2862|763|516.33|Corriente
2863|764|1755.21|Ahorros
2864|765|3841.91|Corriente
2865|766|1891.41|Corriente
2866|767|1374.36|Ahorros
2867|768|4342.08|Corriente
2868|769|2839.91|Corriente
2869|770|592.74|Ahorros
2870|771|4233.94|Corriente
2871|772|3528.29|Corriente
2872|773|872.60|Ahorros
2873|774|1435.37|Corriente
2874|775|1202.43|Corriente
2875|776|1640.28|Ahorros
2876|777|4061.84|Corriente
2877|778|1233.90|Corriente
2878|779|857.62|Ahorros
2879|780|3946.01|Corriente
2880|781|2033.57|Corriente
2881|782|4472.67|Ahorros
2882|783|1467.34|Corriente
2883|784|2856.56|Corriente
2884|785|2839.62|Ahorros
2885|786|4959.75|Corriente
2886|787|4606.74|Corriente
2887|788|4528.22|Ahorros
2888|789|2853.88|Corriente
2889|790|619.86|Corriente
2890|791|4371.19|Ahorros
2891|792|2082.72|Corriente
2892|793|1736.44|Corriente
2893|794|4822.47|Ahorros
2894|795|4193.49|Corriente
2895|796|2571.54|Corriente
2896|797|1721.79|Ahorros
2897|798|964.56|Corriente
2898|799|2413.61|Corriente
2899|800|2172.56|Ahorros
2900|801|2228.07|Corriente
2901|802|552.81|Corriente
2902|803|3716.09|Ahorros
2903|804|3921.70|Corriente
2904|805|4603.08|Corriente
2905|806|3259.57|Ahorros
2906|807|1845.92|Corriente
2907|808|1550.86|Corriente
2908|809|4719.72|Ahorros
2909|810|2858.58|Corriente
2910|811|3137.23|Corriente
2911|812|4724.01|Ahorros
2912|813|3608.83|Corriente
2913|814|2582.06|Corriente
2914|815|2840.48|Ahorros
2915|816|2638.28|Corriente
2916|817|1370.30|Corriente
2917|818|3778.96|Ahorros
2918|819|3514.07|Corriente
2919|820|1583.69|Corriente
2920|821|4734.98|Ahorros
2921|822|4795.64|Corriente
2922|823|1853.88|Corriente
2923|824|636.27|Ahorros
2924|825|3859.12|Corriente
2925|826|3745.05|Corriente
2926|827|1770.40|Ahorros
2927|828|692.63|Corriente
2928|829|1220.97|Corriente
2929|830|1278.13|Ahorros
2930|831|1787.31|Corriente
2931|832|2541.11|Corriente
2932|833|854.54|Ahorros
2933|834|2621.91|Corriente
2934|835|3927.43|Corriente
2935|836|2104.32|Ahorros
2936|837|1599.67|Corriente
2937|838|4003.10|Corriente
2938|839|3172.83|Ahorros
2939|840|1381.30|Corriente
2940|841|2069.45|Corriente
2941|842|2632.73|Ahorros
2942|843|1333.83|Corriente
2943|844|3963.39|Corriente
2944|845|2135.89|Ahorros
2945|846|2687.93|Corriente
2946|847|4738.82|Corriente
2947|848|2797.32|Ahorros
2948|849|2913.43|Corriente
2949|850|4690.27|Corriente
2950|851|4061.28|Ahorros
2951|852|621.66|Corriente
2952|853|1475.75|Corriente
2953|854|3846.29|Ahorros
2954|855|2333.34|Corriente
2955|856|4208.00|Corriente
2956|857|1876.14|Ahorros
2957|858|3286.12|Corriente
2958|859|1756.48|Corriente
2959|860|3697.19|Ahorros
2960|861|3454.15|Corriente
2961|862|2207.99|Corriente
2962|863|3308.77|Ahorros
2963|864|3432.66|Corriente
2964|865|1401.91|Corriente
2965|866|4213.13|Ahorros
2966|867|2365.62|Corriente
2967|868|3757.91|Corriente
2968|869|4632.62|Ahorros
2969|870|1594.04|Corriente
2970|871|2596.34|Corriente
2971|872|2263.01|Ahorros
2972|873|640.20|Corriente
2973|874|521.35|Corriente
2974|875|3272.28|Ahorros
2975|876|2936.67|Corriente
2976|877|4764.84|Corriente
2977|878|959.91|Ahorros
2978|879|2824.00|Corriente
2979|880|3104.13|Corriente
2980|881|3081.69|Ahorros
2981|882|732.93|Corriente
2982|883|2514.89|Corriente
2983|884|2409.16|Ahorros
2984|885|3012.00|Corriente
2985|886|1944.63|Corriente
2986|887|4456.17|Ahorros
2987|888|2428.54|Corriente
2988|889|4714.80|Corriente
2989|890|1966.37|Ahorros
2990|891|1374.71|Corriente
2991|892|791.42|Corriente
2992|893|2355.42|Ahorros
2993|894|889.03|Corriente
2994|895|1058.89|Corriente
2995|896|3912.59|Ahorros
2996|897|1462.40|Corriente
2997|898|4245.47|Corriente
2998|899|4750.26|Ahorros
2999|900|2138.65|Corriente
3000|901|778.52|Corriente
3001|902|1410.51|Ahorros
3002|903|2418.93|Corriente
3003|904|3249.27|Corriente
3004|905|1783.44|Ahorros
3005|906|1393.41|Corriente
3006|907|4359.42|Corriente
3007|908|1851.77|Ahorros
3008|909|2915.60|Corriente
3009|910|3747.76|Corriente
3010|911|1370.21|Ahorros
3011|912|1256.54|Corriente
3012|913|4449.35|Corriente
3013|914|2037.33|Ahorros
3014|915|2934.94|Corriente
3015|916|923.58|Corriente
3016|917|1489.47|Ahorros
3017|918|4712.79|Corriente
3018|919|3806.31|Corriente
3019|920|4025.41|Ahorros
3020|921|1629.83|Corriente
3021|922|4873.77|Corriente
3022|923|3704.66|Ahorros
3023|924|1081.04|Corriente
3024|925|4985.44|Corriente
3025|926|2713.68|Ahorros
3026|927|3982.33|Corriente
3027|928|1476.82|Corriente
3028|929|1048.00|Ahorros
3029|930|1970.47|Corriente
3030|931|3072.27|Corriente
3031|932|2005.35|Ahorros
3032|933|4633.72|Corriente
3033|934|3435.47|Corriente
3034|935|4334.76|Ahorros
3035|936|2321.59|Corriente
3036|937|3589.40|Corriente
3037|938|4004.76|Ahorros
3038|939|3039.62|Corriente
3039|940|4936.42|Corriente
3040|941|4397.59|Ahorros
3041|942|4892.46|Corriente
3042|943|4672.87|Corriente
3043|944|2042.36|Ahorros
3044|945|4374.98|Corriente
3045|946|1464.11|Corriente
3046|947|2536.79|Ahorros
3047|948|1093.45|Corriente
3048|949|4789.70|Corriente
3049|950|4689.50|Ahorros
3050|951|3720.04|Corriente
3051|952|4641.94|Corriente
3052|953|932.39|Ahorros
3053|954|1959.02|Corriente
3054|955|4450.64|Corriente
3055|956|968.21|Ahorros
3056|957|3463.57|Corriente
3057|958|1455.46|Corriente
3058|959|3108.69|Ahorros
3059|960|4026.94|Corriente
3060|961|2225.81|Corriente
3061|962|1423.90|Ahorros
3062|963|4268.15|Corriente
3063|964|4172.69|Corriente
3064|965|4652.66|Ahorros
3065|966|4036.50|Corriente
3066|967|557.19|Corriente
3067|968|3021.06|Ahorros
3068|969|1928.65|Corriente
3069|970|4606.04|Corriente
3070|971|3875.35|Ahorros
3071|972|4147.70|Corriente
3072|973|3654.35|Corriente
3073|974|4662.20|Ahorros
3074|975|582.33|Corriente
3075|976|626.97|Corriente
3076|977|1949.24|Ahorros
3077|978|4368.33|Corriente
3078|979|677.95|Corriente
3079|980|1664.14|Ahorros
3080|981|3680.92|Corriente
3081|982|3922.38|Corriente
3082|983|4725.88|Ahorros
3083|984|781.08|Corriente
3084|985|2344.05|Corriente
3085|986|1455.94|Ahorros
3086|987|2334.68|Corriente
3087|988|2173.52|Corriente
3088|989|2024.94|Ahorros
3089|990|1017.50|Corriente
3090|991|2898.75|Corriente
3091|992|2470.27|Ahorros
3092|993|878.25|Corriente
3093|994|3502.41|Corriente
3094|995|1519.38|Ahorros
3095|996|4689.41|Corriente
3096|997|611.32|Corriente
3097|998|3370.59|Ahorros
3098|999|2071.16|Corriente
3099|1000|4204.70|Corriente
3100|1|1618.53|Ahorros
3101|2|1675.58|Corriente
3102|3|3752.74|Corriente
3103|4|4506.47|Ahorros
3104|5|2633.18|Corriente
3105|6|2813.45|Corriente
3106|7|3662.56|Ahorros
3107|8|2965.90|Corriente
3108|9|1567.65|Corriente
3109|10|988.64|Ahorros
3110|11|4469.88|Corriente
3111|12|1688.59|Corriente
3112|13|3093.90|Ahorros
3113|14|1685.23|Corriente
3114|15|4109.56|Corriente
3115|16|4874.25|Ahorros
3116|17|1975.81|Corriente
3117|18|1426.86|Corriente
3118|19|1614.64|Ahorros
3119|20|3882.95|Corriente
3120|21|4702.64|Corriente
3121|22|2306.09|Ahorros
3122|23|4215.58|Corriente
3123|24|2944.97|Corriente
3124|25|2088.35|Ahorros
3125|26|3665.20|Corriente
3126|27|676.63|Corriente
3127|28|4141.57|Ahorros
3128|29|1695.53|Corriente
3129|30|4913.91|Corriente
3130|31|510.65|Ahorros
3131|32|4426.80|Corriente
3132|33|1714.70|Corriente
3133|34|1777.34|Ahorros
3134|35|1712.15|Corriente
3135|36|1056.84|Corriente
3136|37|1279.73|Ahorros
3137|38|1776.95|Corriente
3138|39|4974.83|Corriente
3139|40|2342.48|Ahorros
3140|41|4128.28|Corriente
3141|42|2961.44|Corriente
3142|43|4014.85|Ahorros
3143|44|3643.01|Corriente
3144|45|522.87|Corriente
3145|46|1320.32|Ahorros
3146|47|1103.92|Corriente
3147|48|2975.21|Corriente
3148|49|2932.11|Ahorros
3149|50|2933.07|Corriente
3150|51|2227.27|Corriente
3151|52|519.89|Ahorros
3152|53|4134.83|Corriente
3153|54|4729.21|Corriente
3154|55|1920.83|Ahorros
3155|56|1670.17|Corriente
3156|57|649.94|Corriente
3157|58|4260.65|Ahorros
3158|59|2809.16|Corriente
3159|60|4580.73|Corriente
3160|61|3214.36|Ahorros
3161|62|2616.64|Corriente
3162|63|3161.12|Corriente
3163|64|2945.29|Ahorros
3164|65|4427.64|Corriente
3165|66|4043.78|Corriente
3166|67|903.73|Ahorros
3167|68|1950.68|Corriente
3168|69|2657.68|Corriente
3169|70|1968.78|Ahorros
3170|71|3986.41|Corriente
3171|72|2030.40|Corriente
3172|73|3854.57|Ahorros
3173|74|4460.03|Corriente
3174|75|2767.69|Corriente
3175|76|4167.65|Ahorros
3176|77|1551.37|Corriente
3177|78|4705.65|Corriente
3178|79|3203.92|Ahorros
3179|80|3578.88|Corriente
3180|81|4539.83|Corriente
3181|82|1830.22|Ahorros
3182|83|4556.28|Corriente
3183|84|3142.05|Corriente
3184|85|2996.84|Ahorros
3185|86|4320.05|Corriente
3186|87|1595.83|Corriente
3187|88|1421.02|Ahorros
3188|89|3202.98|Corriente
3189|90|978.01|Corriente
3190|91|1379.12|Ahorros
3191|92|3077.23|Corriente
3192|93|4938.54|Corriente
3193|94|682.69|Ahorros
3194|95|1586.99|Corriente
3195|96|1853.05|Corriente
3196|97|2664.11|Ahorros
3197|98|3783.83|Corriente
3198|99|2668.00|Corriente
3199|100|3157.06|Ahorros
3200|101|1193.32|Corriente
3201|102|2726.40|Corriente
3202|103|1104.29|Ahorros
3203|104|3081.29|Corriente
3204|105|4243.04|Corriente
3205|106|2958.77|Ahorros
3206|107|4022.65|Corriente
3207|108|3932.47|Corriente
3208|109|503.15|Ahorros
3209|110|3347.26|Corriente
3210|111|2106.50|Corriente
3211|112|2065.20|Ahorros
3212|113|1702.29|Corriente
3213|114|4188.70|Corriente
3214|115|1825.39|Ahorros
3215|116|3463.47|Corriente
3216|117|558.35|Corriente
3217|118|1985.56|Ahorros
3218|119|1387.86|Corriente
3219|120|2128.79|Corriente
3220|121|1993.76|Ahorros
3221|122|1924.06|Corriente
3222|123|3040.82|Corriente
3223|124|4398.36|Ahorros
3224|125|3563.80|Corriente
3225|126|2974.53|Corriente
3226|127|4384.00|Ahorros
3227|128|4834.29|Corriente
3228|129|4693.73|Corriente
3229|130|1715.72|Ahorros
3230|131|1741.42|Corriente
3231|132|4796.72|Corriente
3232|133|3545.24|Ahorros
3233|134|4369.64|Corriente
3234|135|4833.80|Corriente
3235|136|2237.36|Ahorros
3236|137|3636.06|Corriente
3237|138|3122.26|Corriente
3238|139|3025.22|Ahorros
3239|140|627.89|Corriente
3240|141|2718.03|Corriente
3241|142|2096.49|Ahorros
3242|143|4775.60|Corriente
3243|144|4767.98|Corriente
3244|145|3378.23|Ahorros
3245|146|2339.07|Corriente
3246|147|616.42|Corriente
3247|148|2001.47|Ahorros
3248|149|2865.48|Corriente
3249|150|3880.00|Corriente
3250|151|1981.26|Ahorros
3251|152|1606.03|Corriente
3252|153|3760.16|Corriente
3253|154|2824.74|Ahorros
3254|155|4565.11|Corriente
3255|156|3311.59|Corriente
3256|157|4299.26|Ahorros
3257|158|3542.97|Corriente
3258|159|3556.71|Corriente
3259|160|3545.88|Ahorros
3260|161|1440.42|Corriente
3261|162|824.94|Corriente
3262|163|586.93|Ahorros
3263|164|1601.57|Corriente
3264|165|1098.89|Corriente
3265|166|2386.80|Ahorros
3266|167|4062.37|Corriente
3267|168|4468.99|Corriente
3268|169|4419.62|Ahorros
3269|170|3819.46|Corriente
3270|171|2708.91|Corriente
3271|172|1080.53|Ahorros
3272|173|2952.77|Corriente
3273|174|3492.31|Corriente
3274|175|2632.03|Ahorros
3275|176|4668.74|Corriente
3276|177|2685.88|Corriente
3277|178|1542.51|Ahorros
3278|179|2012.34|Corriente
3279|180|1348.66|Corriente
3280|181|2547.94|Ahorros
3281|182|4903.44|Corriente
3282|183|4193.71|Corriente
3283|184|1896.58|Ahorros
3284|185|1241.96|Corriente
3285|186|3851.85|Corriente
3286|187|2388.64|Ahorros
3287|188|4012.85|Corriente
3288|189|2080.83|Corriente
3289|190|781.93|Ahorros
3290|191|520.96|Corriente
3291|192|1123.71|Corriente
3292|193|2398.91|Ahorros
3293|194|4347.17|Corriente
3294|195|2349.53|Corriente
3295|196|1499.15|Ahorros
3296|197|2086.25|Corriente
3297|198|745.64|Corriente
3298|199|4468.19|Ahorros
3299|200|637.29|Corriente
3300|201|846.04|Corriente
3301|202|4262.92|Ahorros
3302|203|3557.12|Corriente
3303|204|2993.87|Corriente
3304|205|907.00|Ahorros
3305|206|2228.55|Corriente
3306|207|4868.46|Corriente
3307|208|3215.57|Ahorros
3308|209|2131.89|Corriente
3309|210|2786.14|Corriente
3310|211|1865.32|Ahorros
3311|212|569.86|Corriente
3312|213|4751.15|Corriente
3313|214|4825.34|Ahorros
3314|215|3197.34|Corriente
3315|216|3250.74|Corriente
3316|217|4316.00|Ahorros
3317|218|574.69|Corriente
3318|219|3288.23|Corriente
3319|220|4679.65|Ahorros
3320|221|4409.54|Corriente
3321|222|3708.25|Corriente
3322|223|1731.24|Ahorros
3323|224|814.02|Corriente
3324|225|676.29|Corriente
3325|226|1376.14|Ahorros
3326|227|4936.86|Corriente
3327|228|4822.07|Corriente
3328|229|1830.46|Ahorros
3329|230|3829.40|Corriente
3330|231|3053.91|Corriente
3331|232|4781.75|Ahorros
3332|233|3981.79|Corriente
3333|234|2272.85|Corriente
3334|235|3589.91|Ahorros
3335|236|4814.06|Corriente
3336|237|4374.02|Corriente
3337|238|3246.23|Ahorros
3338|239|889.36|Corriente
3339|240|1766.95|Corriente
3340|241|3965.38|Ahorros
3341|242|4703.52|Corriente
3342|243|1189.85|Corriente
3343|244|4224.13|Ahorros
3344|245|4693.36|Corriente
3345|246|3033.01|Corriente
3346|247|1864.97|Ahorros
3347|248|3725.32|Corriente
3348|249|4756.51|Corriente
3349|250|3036.70|Ahorros
3350|251|4680.15|Corriente
3351|252|1149.40|Corriente
3352|253|1314.97|Ahorros
3353|254|3366.43|Corriente
3354|255|1933.20|Corriente
3355|256|4729.77|Ahorros
3356|257|2158.48|Corriente
3357|258|3096.55|Corriente
3358|259|724.75|Ahorros
3359|260|2642.56|Corriente
3360|261|3615.43|Corriente
3361|262|4997.90|Ahorros
3362|263|4305.32|Corriente
3363|264|2532.78|Corriente
3364|265|4780.18|Ahorros
3365|266|2666.35|Corriente
3366|267|3975.82|Corriente
3367|268|3220.56|Ahorros
3368|269|2016.77|Corriente
3369|270|4950.80|Corriente
3370|271|4875.89|Ahorros
3371|272|3160.66|Corriente
3372|273|1656.93|Corriente
3373|274|2120.01|Ahorros
3374|275|4180.76|Corriente
3375|276|1011.70|Corriente
3376|277|2347.80|Ahorros
3377|278|3405.26|Corriente
3378|279|2741.31|Corriente
3379|280|4408.76|Ahorros
3380|281|620.33|Corriente
3381|282|1957.16|Corriente
3382|283|3044.43|Ahorros
3383|284|722.60|Corriente
3384|285|3943.60|Corriente
3385|286|3858.46|Ahorros
3386|287|4541.04|Corriente
3387|288|4731.97|Corriente
3388|289|1801.70|Ahorros
3389|290|3642.02|Corriente
3390|291|4387.79|Corriente
3391|292|3231.85|Ahorros
3392|293|4680.47|Corriente
3393|294|3273.51|Corriente
3394|295|1475.06|Ahorros
3395|296|4149.37|Corriente
3396|297|1279.13|Corriente
3397|298|4271.53|Ahorros
3398|299|2268.72|Corriente
3399|300|741.93|Corriente
3400|301|4768.61|Ahorros
3401|302|1554.49|Corriente
3402|303|2475.92|Corriente
3403|304|907.53|Ahorros
3404|305|4002.59|Corriente
3405|306|3723.19|Corriente
3406|307|3856.28|Ahorros
3407|308|2045.95|Corriente
3408|309|4749.78|Corriente
3409|310|2310.81|Ahorros
3410|311|1139.09|Corriente
3411|312|2271.23|Corriente
3412|313|3757.18|Ahorros
3413|314|3557.84|Corriente
3414|315|3474.22|Corriente
3415|316|1091.01|Ahorros
3416|317|3272.19|Corriente
3417|318|4998.61|Corriente
3418|319|2640.00|Ahorros
3419|320|1436.03|Corriente
3420|321|1549.07|Corriente
3421|322|577.96|Ahorros
3422|323|854.90|Corriente
3423|324|1144.72|Corriente
3424|325|1339.95|Ahorros
3425|326|3152.24|Corriente
3426|327|3991.30|Corriente
3427|328|4181.65|Ahorros
3428|329|4423.96|Corriente
3429|330|1566.72|Corriente
3430|331|4769.61|Ahorros
3431|332|996.50|Corriente
3432|333|2859.31|Corriente
3433|334|4543.53|Ahorros
3434|335|2118.91|Corriente
3435|336|1010.39|Corriente
3436|337|1852.85|Ahorros
3437|338|1358.28|Corriente
3438|339|4826.16|Corriente
3439|340|3750.40|Ahorros
3440|341|2428.86|Corriente
3441|342|4731.91|Corriente
3442|343|1860.34|Ahorros
3443|344|2139.72|Corriente
3444|345|3444.89|Corriente
3445|346|2514.63|Ahorros
3446|347|3350.06|Corriente
3447|348|1890.97|Corriente
3448|349|1946.17|Ahorros
3449|350|4093.15|Corriente
3450|351|1613.76|Corriente
3451|352|1843.14|Ahorros
3452|353|2372.00|Corriente
3453|354|3009.49|Corriente
3454|355|2389.90|Ahorros
3455|356|1428.92|Corriente
3456|357|4227.89|Corriente
3457|358|2039.71|Ahorros
3458|359|2991.42|Corriente
3459|360|758.49|Corriente
3460|361|4515.09|Ahorros
3461|362|944.57|Corriente
3462|363|4013.40|Corriente
3463|364|558.12|Ahorros
3464|365|4965.81|Corriente
3465|366|2270.46|Corriente
3466|367|1955.87|Ahorros
3467|368|4407.84|Corriente
3468|369|3466.71|Corriente
3469|370|3448.53|Ahorros
3470|371|2184.69|Corriente
3471|372|1380.66|Corriente
3472|373|965.94|Ahorros
3473|374|1012.86|Corriente
3474|375|1042.49|Corriente
3475|376|2798.12|Ahorros
3476|377|3149.69|Corriente
3477|378|1034.22|Corriente
3478|379|4139.21|Ahorros
3479|380|3881.53|Corriente
3480|381|2243.01|Corriente
3481|382|3345.22|Ahorros
3482|383|2396.89|Corriente
3483|384|4596.54|Corriente
3484|385|1936.78|Ahorros
3485|386|4814.36|Corriente
3486|387|3297.06|Corriente
3487|388|4459.67|Ahorros
3488|389|667.60|Corriente
3489|390|1312.25|Corriente
3490|391|980.74|Ahorros
3491|392|2500.09|Corriente
3492|393|1780.86|Corriente
3493|394|2101.23|Ahorros
3494|395|2380.79|Corriente
3495|396|4446.89|Corriente
3496|397|1988.20|Ahorros
3497|398|1671.44|Corriente
3498|399|2924.31|Corriente
3499|400|4043.15|Ahorros
3500|401|3490.63|Corriente
3501|402|2040.67|Corriente
3502|403|2028.75|Ahorros
3503|404|3671.44|Corriente
3504|405|4175.42|Corriente
3505|406|3233.51|Ahorros
3506|407|629.62|Corriente
3507|408|2212.36|Corriente
3508|409|4411.43|Ahorros
3509|410|2055.79|Corriente
3510|411|1820.00|Corriente
3511|412|4747.75|Ahorros
3512|413|4160.62|Corriente
3513|414|4884.56|Corriente
3514|415|3852.33|Ahorros
3515|416|4362.96|Corriente
3516|417|2396.04|Corriente
3517|418|4000.85|Ahorros
3518|419|3251.68|Corriente
3519|420|899.14|Corriente
3520|421|3666.34|Ahorros
3521|422|502.89|Corriente
3522|423|2116.15|Corriente
3523|424|555.62|Ahorros
3524|425|2075.20|Corriente
3525|426|3050.54|Corriente
3526|427|835.04|Ahorros
3527|428|2244.85|Corriente
3528|429|3950.55|Corriente
3529|430|3608.48|Ahorros
3530|431|4938.18|Corriente
3531|432|1058.07|Corriente
3532|433|2562.53|Ahorros
3533|434|3975.26|Corriente
3534|435|2600.95|Corriente
3535|436|3608.46|Ahorros
3536|437|2912.28|Corriente
3537|438|1707.85|Corriente
3538|439|1468.65|Ahorros
3539|440|3880.48|Corriente
3540|441|853.84|Corriente
3541|442|3577.62|Ahorros
3542|443|931.08|Corriente
3543|444|528.87|Corriente
3544|445|4630.69|Ahorros
3545|446|2422.29|Corriente
3546|447|1773.77|Corriente
3547|448|1838.90|Ahorros
3548|449|1305.29|Corriente
3549|450|690.68|Corriente
3550|451|4755.66|Ahorros
3551|452|3780.88|Corriente
3552|453|3034.88|Corriente
3553|454|1612.43|Ahorros
3554|455|3614.88|Corriente
3555|456|4765.76|Corriente
3556|457|4700.46|Ahorros
3557|458|1763.15|Corriente
3558|459|2283.81|Corriente
3559|460|3836.74|Ahorros
3560|461|1526.77|Corriente
3561|462|1836.79|Corriente
3562|463|4202.78|Ahorros
3563|464|4111.70|Corriente
3564|465|1040.85|Corriente
3565|466|4682.15|Ahorros
3566|467|3557.63|Corriente
3567|468|4325.49|Corriente
3568|469|1004.29|Ahorros
3569|470|3607.48|Corriente
3570|471|2030.51|Corriente
3571|472|1807.72|Ahorros
3572|473|4819.80|Corriente
3573|474|3108.78|Corriente
3574|475|2745.82|Ahorros
3575|476|1671.53|Corriente
3576|477|2357.11|Corriente
3577|478|1030.76|Ahorros
3578|479|2513.13|Corriente
3579|480|1382.02|Corriente
3580|481|1664.37|Ahorros
3581|482|726.93|Corriente
3582|483|2718.04|Corriente
3583|484|719.34|Ahorros
3584|485|3132.21|Corriente
3585|486|1045.45|Corriente
3586|487|1788.10|Ahorros
3587|488|4450.35|Corriente
3588|489|4855.12|Corriente
3589|490|3430.70|Ahorros
3590|491|2565.96|Corriente
3591|492|4275.70|Corriente
3592|493|691.54|Ahorros
3593|494|1097.02|Corriente
3594|495|654.77|Corriente
3595|496|2824.32|Ahorros
3596|497|2858.50|Corriente
3597|498|3600.87|Corriente
3598|499|2861.94|Ahorros
3599|500|1126.28|Corriente
3600|501|1809.04|Corriente
3601|502|710.20|Ahorros
3602|503|2756.33|Corriente
3603|504|2606.65|Corriente
3604|505|3131.60|Ahorros
3605|506|3245.77|Corriente
3606|507|3571.53|Corriente
3607|508|708.04|Ahorros
3608|509|3779.30|Corriente
3609|510|2048.24|Corriente
3610|511|1732.99|Ahorros
3611|512|767.46|Corriente
3612|513|584.00|Corriente
3613|514|2406.94|Ahorros
3614|515|2160.62|Corriente
3615|516|1744.32|Corriente
3616|517|3235.11|Ahorros
3617|518|671.35|Corriente
3618|519|3699.71|Corriente
3619|520|2320.94|Ahorros
3620|521|1706.56|Corriente
3621|522|1854.99|Corriente
3622|523|563.37|Ahorros
3623|524|3774.00|Corriente
3624|525|4496.16|Corriente
3625|526|4832.54|Ahorros
3626|527|2027.03|Corriente
3627|528|846.28|Corriente
3628|529|2501.87|Ahorros
3629|530|2726.06|Corriente
3630|531|3801.93|Corriente
3631|532|631.54|Ahorros
3632|533|4896.16|Corriente
3633|534|1273.54|Corriente
3634|535|2528.65|Ahorros
3635|536|3722.21|Corriente
3636|537|3976.15|Corriente
3637|538|4874.21|Ahorros
3638|539|3173.86|Corriente
3639|540|4059.57|Corriente
3640|541|3160.65|Ahorros
3641|542|2608.79|Corriente
3642|543|4784.06|Corriente
3643|544|4569.19|Ahorros
3644|545|1577.26|Corriente
3645|546|2340.22|Corriente
3646|547|1048.45|Ahorros
3647|548|2760.46|Corriente
3648|549|1532.82|Corriente
3649|550|2010.39|Ahorros
3650|551|3949.93|Corriente
3651|552|4518.42|Corriente
3652|553|3088.81|Ahorros
3653|554|2462.11|Corriente
3654|555|4937.78|Corriente
3655|556|1818.74|Ahorros
3656|557|4969.44|Corriente
3657|558|4031.77|Corriente
3658|559|2038.66|Ahorros
3659|560|551.78|Corriente
3660|561|4614.87|Corriente
3661|562|1777.83|Ahorros
3662|563|633.59|Corriente
3663|564|550.94|Corriente
3664|565|3854.38|Ahorros
3665|566|4533.25|Corriente
3666|567|767.59|Corriente
3667|568|4281.89|Ahorros
3668|569|3915.27|Corriente
3669|570|1495.47|Corriente
3670|571|826.08|Ahorros
3671|572|1964.37|Corriente
3672|573|4301.85|Corriente
3673|574|797.00|Ahorros
3674|575|3207.56|Corriente
3675|576|2666.39|Corriente
3676|577|976.12|Ahorros
3677|578|2431.37|Corriente
3678|579|1245.49|Corriente
3679|580|4131.66|Ahorros
3680|581|4746.61|Corriente
3681|582|1544.71|Corriente
3682|583|3084.10|Ahorros
3683|584|2775.62|Corriente
3684|585|4325.30|Corriente
3685|586|1441.64|Ahorros
3686|587|1492.56|Corriente
3687|588|1412.63|Corriente
3688|589|3143.55|Ahorros
3689|590|3195.43|Corriente
3690|591|4709.89|Corriente
3691|592|2357.77|Ahorros
3692|593|4227.88|Corriente
3693|594|3497.25|Corriente
3694|595|1348.93|Ahorros
3695|596|2080.03|Corriente
3696|597|3223.72|Corriente
3697|598|3326.88|Ahorros
3698|599|652.07|Corriente
3699|600|3570.74|Corriente
3700|601|1020.96|Ahorros
3701|602|1678.35|Corriente
3702|603|1483.40|Corriente
3703|604|2530.99|Ahorros
3704|605|2879.30|Corriente
3705|606|1927.79|Corriente
3706|607|1862.72|Ahorros
3707|608|3874.74|Corriente
3708|609|2472.91|Corriente
3709|610|4487.99|Ahorros
3710|611|2595.08|Corriente
3711|612|3390.64|Corriente
3712|613|2874.49|Ahorros
3713|614|654.40|Corriente
3714|615|4626.25|Corriente
3715|616|2704.87|Ahorros
3716|617|4176.64|Corriente
3717|618|2010.75|Corriente
3718|619|2659.58|Ahorros
3719|620|939.65|Corriente
3720|621|3204.93|Corriente
3721|622|2428.82|Ahorros
3722|623|4802.05|Corriente
3723|624|667.79|Corriente
3724|625|4111.82|Ahorros
3725|626|2066.66|Corriente
3726|627|2069.06|Corriente
3727|628|922.27|Ahorros
3728|629|552.56|Corriente
3729|630|1342.30|Corriente
3730|631|4465.97|Ahorros
3731|632|631.55|Corriente
3732|633|4635.61|Corriente
3733|634|3135.73|Ahorros
3734|635|582.27|Corriente
3735|636|3916.54|Corriente
3736|637|1408.45|Ahorros
3737|638|3451.18|Corriente
3738|639|2179.19|Corriente
3739|640|3202.83|Ahorros
3740|641|1286.84|Corriente
3741|642|1453.57|Corriente
3742|643|2625.57|Ahorros
3743|644|2573.34|Corriente
3744|645|3560.78|Corriente
3745|646|3178.51|Ahorros
3746|647|4237.92|Corriente
3747|648|3710.66|Corriente
3748|649|3913.32|Ahorros
3749|650|4803.45|Corriente
3750|651|3610.98|Corriente
3751|652|655.81|Ahorros
3752|653|3270.18|Corriente
3753|654|3159.14|Corriente
3754|655|882.49|Ahorros
3755|656|3440.80|Corriente
3756|657|1757.08|Corriente
3757|658|4155.18|Ahorros
3758|659|3062.21|Corriente
3759|660|1935.95|Corriente
3760|661|1079.79|Ahorros
3761|662|4491.24|Corriente
3762|663|1069.36|Corriente
3763|664|3989.88|Ahorros
3764|665|1257.27|Corriente
3765|666|3926.23|Corriente
3766|667|1464.73|Ahorros
3767|668|3629.86|Corriente
3768|669|2832.22|Corriente
3769|670|3482.09|Ahorros
3770|671|4534.50|Corriente
3771|672|4233.45|Corriente
3772|673|955.52|Ahorros
3773|674|1265.42|Corriente
3774|675|1880.87|Corriente
3775|676|3178.40|Ahorros
3776|677|4590.73|Corriente
3777|678|601.07|Corriente
3778|679|2501.73|Ahorros
3779|680|2527.16|Corriente
3780|681|3013.52|Corriente
3781|682|3884.65|Ahorros
3782|683|2496.01|Corriente
3783|684|1304.85|Corriente
3784|685|786.89|Ahorros
3785|686|1477.73|Corriente
3786|687|514.51|Corriente
3787|688|3385.03|Ahorros
3788|689|4477.59|Corriente
3789|690|1589.06|Corriente
3790|691|3386.85|Ahorros
3791|692|3406.21|Corriente
3792|693|2041.98|Corriente
3793|694|4407.82|Ahorros
3794|695|3994.63|Corriente
3795|696|2004.19|Corriente
3796|697|2549.92|Ahorros
3797|698|1280.89|Corriente
3798|699|2427.71|Corriente
3799|700|4459.78|Ahorros
3800|701|734.38|Corriente
3801|702|1455.12|Corriente
3802|703|2756.47|Ahorros
3803|704|2130.00|Corriente
3804|705|4251.43|Corriente
3805|706|2337.58|Ahorros
3806|707|1376.01|Corriente
3807|708|2251.69|Corriente
3808|709|3510.21|Ahorros
3809|710|3362.16|Corriente
3810|711|830.17|Corriente
3811|712|2380.89|Ahorros
3812|713|4985.84|Corriente
3813|714|1889.40|Corriente
3814|715|3802.86|Ahorros
3815|716|3859.00|Corriente
3816|717|3559.56|Corriente
3817|718|607.41|Ahorros
3818|719|4072.33|Corriente
3819|720|4276.85|Corriente
3820|721|639.77|Ahorros
3821|722|3647.09|Corriente
3822|723|1159.72|Corriente
3823|724|4941.99|Ahorros
3824|725|605.44|Corriente
3825|726|3572.07|Corriente
3826|727|667.75|Ahorros
3827|728|1840.94|Corriente
3828|729|4478.70|Corriente
3829|730|554.79|Ahorros
3830|731|2897.34|Corriente
3831|732|3528.33|Corriente
3832|733|2177.88|Ahorros
3833|734|4404.36|Corriente
3834|735|2250.70|Corriente
3835|736|3767.79|Ahorros
3836|737|723.45|Corriente
3837|738|1668.71|Corriente
3838|739|1177.73|Ahorros
3839|740|3095.71|Corriente
3840|741|3870.29|Corriente
3841|742|1293.94|Ahorros
3842|743|2999.22|Corriente
3843|744|778.28|Corriente
3844|745|1817.04|Ahorros
3845|746|3787.00|Corriente
3846|747|4845.43|Corriente
3847|748|1384.64|Ahorros
3848|749|1400.46|Corriente
3849|750|1994.69|Corriente
3850|751|3181.01|Ahorros
